42,5
42,4
42,3
42,2
42,1
42,0
4294967278,373
41,5
41,4
41,3
41,2
41,1
41,0
4294967278,372
4294967278,371
4294967278,370
4294967279,558
4294967278,369
4294967278,368
40,4
40,3
40,2
40,1
40,0
4294967279,557
4294967279,556
4294967279,555
4294967278,367
39,5
39,4
39,3
39,2
39,1
39,0
38,4
38,3
38,2
38,1
38,0
37,4
37,3
37,2
37,1
37,0
36,4
36,3
36,2
36,1
36,0
4294967294,909
4294967294,829
35,5
35,4
35,3
35,2
35,1
35,0
34,5
34,4
34,3
34,2
34,1
34,0
33,4
33,3
33,2
33,1
33,0
4294967278,366
32,5
32,4
32,3
32,2
32,1
32,0
31,4
31,3
31,2
31,1
31,0
4294967278,365
30,4
30,3
30,2
30,1
30,0
29,4
29,3
29,2
29,1
29,0
4294967279,554
4294967278,364
28,5
28,4
4294967279,553
28,3
28,2
28,1
28,0
4294967278,363
4294967278,362
4294967278,361
4294967279,552
4294967279,551
27,5
27,4
27,3
27,2
27,1
27,0
4294967279,550
4294967278,360
4294967279,549
4294967278,359
4294967278,358
4294967278,357
4294967279,548
4294967278,356
4294967279,547
4294967279,546
4294967278,355
4294967278,354
4294967279,545
26,4
4294967278,353
26,3
26,2
26,1
26,0
4294967278,352
4294967279,544
4294967278,351
4294967279,543
4294967279,542
25,5
25,4
25,3
25,2
25,1
25,0
4294967278,350
4294967279,541
4294967279,540
24,4
24,3
24,2
24,1
24,0
23,4
23,3
23,2
23,1
23,0
22,4
22,3
22,2
22,1
22,0
4294967278,349
4294967279,539
4294967278,348
4294967279,538
4294967278,347
4294967278,346
4294967278,345
4294967278,344
4294967278,343
21,4
21,3
21,2
21,1
21,0
4294967278,342
20,5
20,4
20,3
20,2
20,1
20,0
4294967279,537
19,5
19,4
19,3
19,2
19,1
19,0
4294967279,536
18,4
18,3
18,2
18,1
18,0
4294967278,341
4294967278,340
17,5
17,4
17,3
17,2
17,1
17,0
4294967279,535
16,4
16,3
16,2
16,1
16,0
4294967278,339
15,4
15,3
15,2
15,1
15,0
14,4
14,3
14,2
14,1
14,0
4294967278,338
4294967278,337
4294967279,534
4294967293,131
4294967293,130
4294967293,129
4294967293,128
4294967293,127
4294967293,126
4294967293,125
4294967293,124
4294967293,123
4294967293,122
4294967293,121
4294967293,120
4294967293,119
4294967293,118
4294967293,117
4294967293,116
4294967293,115
4294967293,114
4294967293,113
4294967293,112
4294967293,111
4294967293,110
4294967293,109
4294967293,108
4294967293,107
4294967293,106
4294967293,105
4294967293,104
4294967293,103
4294967293,102
4294967293,101
4294967293,100
4294967293,99
4294967293,98
4294967293,97
4294967293,96
4294967293,95
4294967293,94
4294967293,93
4294967293,92
4294967293,91
4294967293,90
4294967293,89
4294967293,88
4294967293,87
4294967293,86
4294967293,85
4294967293,84
4294967293,83
4294967293,82
4294967293,81
4294967293,80
4294967293,79
4294967293,78
4294967293,77
4294967293,76
4294967293,75
4294967293,74
4294967293,73
4294967293,72
4294967293,71
4294967293,70
4294967293,69
4294967293,68
4294967293,67
4294967293,66
4294967293,65
4294967293,64
4294967293,63
4294967293,62
4294967293,61
4294967293,60
4294967293,59
4294967293,58
4294967293,57
4294967293,56
4294967293,55
4294967293,54
4294967293,53
4294967293,52
4294967293,51
4294967293,50
4294967293,49
4294967293,48
4294967293,47
4294967293,46
4294967293,45
4294967293,44
4294967293,43
4294967293,42
4294967293,41
4294967293,40
4294967293,39
4294967293,38
4294967293,37
4294967293,36
4294967293,35
4294967293,34
4294967293,33
4294967293,32
4294967293,31
4294967293,30
4294967293,29
4294967293,28
4294967293,27
4294967293,26
4294967293,25
4294967293,24
4294967293,23
4294967293,22
4294967293,21
4294967293,20
4294967293,19
4294967293,18
4294967293,17
4294967293,16
4294967293,15
4294967293,14
4294967293,13
